1 2 3
-1 -2
-1 -3
-2 -3
4 5 6
-4 -5
-4 -6
-5 -6
7 8 9
-7 -8
-7 -9
-8 -9
10 11 12
-10 -11
-10 -12
-11 -12
13 14 15
-13 -14
-13 -15
-14 -15
16 17 18
-16 -17
-16 -18
-17 -18
19 20 21
-19 -20
-19 -21
-20 -21
22 23 24
-22 -23
-22 -24
-23 -24
25 26 27
-25 -26
-25 -27
-26 -27
28 29 30
-28 -29
-28 -30
-29 -30
31 32 33
-31 -32
-31 -33
-32 -33
34 35 36
-34 -35
-34 -36
-35 -36
37 38 39
-37 -38
-37 -39
-38 -39
40 41 42
-40 -41
-40 -42
-41 -42
43 44 45
-43 -44
-43 -45
-44 -45
-1 -4
-2 -5
-3 -6
-1 -7
-2 -8
-3 -9
-1 -19
-2 -20
-3 -21
-1 -22
-2 -23
-3 -24
-1 -25
-2 -26
-3 -27
-1 -28
-2 -29
-3 -30
-1 -31
-2 -32
-3 -33
-1 -34
-2 -35
-3 -36
-4 -7
-5 -8
-6 -9
-4 -10
-5 -11
-6 -12
-4 -22
-5 -23
-6 -24
-7 -10
-8 -11
-9 -12
-7 -13
-8 -14
-9 -15
-10 -13
-11 -14
-12 -15
-10 -16
-11 -17
-12 -18
-13 -16
-14 -17
-15 -18
-13 -19
-14 -20
-15 -21
-16 -19
-17 -20
-18 -21
-16 -22
-17 -23
-18 -24
-19 -22
-20 -23
-21 -24
-25 -28
-26 -29
-27 -30
-25 -31
-26 -32
-27 -33
-25 -40
-26 -41
-27 -42
-28 -34
-29 -35
-30 -36
-28 -37
-29 -38
-30 -39
-31 -40
-32 -41
-33 -42
-31 -43
-32 -44
-33 -45
-34 -37
-35 -38
-36 -39
-34 -43
-35 -44
-36 -45
-37 -40
-38 -41
-39 -42
-37 -43
-38 -44
-39 -45
-40 -43
-41 -44
-42 -45