1 2 3
-1 -2
-1 -3
-2 -3
4 5 6
-4 -5
-4 -6
-5 -6
7 8 9
-7 -8
-7 -9
-8 -9
10 11 12
-10 -11
-10 -12
-11 -12
13 14 15
-13 -14
-13 -15
-14 -15
16 17 18
-16 -17
-16 -18
-17 -18
19 20 21
-19 -20
-19 -21
-20 -21
22 23 24
-22 -23
-22 -24
-23 -24
25 26 27
-25 -26
-25 -27
-26 -27
28 29 30
-28 -29
-28 -30
-29 -30
31 32 33
-31 -32
-31 -33
-32 -33
34 35 36
-34 -35
-34 -36
-35 -36
37 38 39
-37 -38
-37 -39
-38 -39
40 41 42
-40 -41
-40 -42
-41 -42
43 44 45
-43 -44
-43 -45
-44 -45
46 47 48
-46 -47
-46 -48
-47 -48
49 50 51
-49 -50
-49 -51
-50 -51
52 53 54
-52 -53
-52 -54
-53 -54
55 56 57
-55 -56
-55 -57
-56 -57
58 59 60
-58 -59
-58 -60
-59 -60
61 62 63
-61 -62
-61 -63
-62 -63
64 65 66
-64 -65
-64 -66
-65 -66
67 68 69
-67 -68
-67 -69
-68 -69
70 71 72
-70 -71
-70 -72
-71 -72
-1 -4
-2 -5
-3 -6
-1 -7
-2 -8
-3 -9
-1 -10
-2 -11
-3 -12
-1 -13
-2 -14
-3 -15
-1 -16
-2 -17
-3 -18
-1 -19
-2 -20
-3 -21
-1 -22
-2 -23
-3 -24
-1 -25
-2 -26
-3 -27
-1 -28
-2 -29
-3 -30
-1 -31
-2 -32
-3 -33
-1 -34
-2 -35
-3 -36
-1 -37
-2 -38
-3 -39
-1 -40
-2 -41
-3 -42
-1 -43
-2 -44
-3 -45
-1 -46
-2 -47
-3 -48
-1 -49
-2 -50
-3 -51
-1 -52
-2 -53
-3 -54
-1 -55
-2 -56
-3 -57
-1 -58
-2 -59
-3 -60
-1 -61
-2 -62
-3 -63
-1 -64
-2 -65
-3 -66
-1 -67
-2 -68
-3 -69
-1 -70
-2 -71
-3 -72
-4 -7
-5 -8
-6 -9
-4 -10
-5 -11
-6 -12
-4 -13
-5 -14
-6 -15
-4 -16
-5 -17
-6 -18
-4 -19
-5 -20
-6 -21
-4 -22
-5 -23
-6 -24
-4 -25
-5 -26
-6 -27
-4 -28
-5 -29
-6 -30
-4 -31
-5 -32
-6 -33
-4 -34
-5 -35
-6 -36
-4 -37
-5 -38
-6 -39
-4 -40
-5 -41
-6 -42
-4 -43
-5 -44
-6 -45
-4 -46
-5 -47
-6 -48
-4 -49
-5 -50
-6 -51
-4 -52
-5 -53
-6 -54
-4 -55
-5 -56
-6 -57
-4 -58
-5 -59
-6 -60
-4 -61
-5 -62
-6 -63
-4 -64
-5 -65
-6 -66
-4 -67
-5 -68
-6 -69
-7 -10
-8 -11
-9 -12
-7 -13
-8 -14
-9 -15
-7 -16
-8 -17
-9 -18
-7 -19
-8 -20
-9 -21
-7 -22
-8 -23
-9 -24
-7 -25
-8 -26
-9 -27
-7 -28
-8 -29
-9 -30
-7 -31
-8 -32
-9 -33
-7 -34
-8 -35
-9 -36
-7 -37
-8 -38
-9 -39
-7 -40
-8 -41
-9 -42
-7 -43
-8 -44
-9 -45
-7 -46
-8 -47
-9 -48
-7 -49
-8 -50
-9 -51
-7 -52
-8 -53
-9 -54
-7 -55
-8 -56
-9 -57
-7 -58
-8 -59
-9 -60
-7 -61
-8 -62
-9 -63
-7 -64
-8 -65
-9 -66
-7 -67
-8 -68
-9 -69
-10 -13
-11 -14
-12 -15
-10 -16
-11 -17
-12 -18
-10 -19
-11 -20
-12 -21
-10 -22
-11 -23
-12 -24
-10 -25
-11 -26
-12 -27
-10 -28
-11 -29
-12 -30
-10 -31
-11 -32
-12 -33
-10 -34
-11 -35
-12 -36
-10 -37
-11 -38
-12 -39
-10 -40
-11 -41
-12 -42
-10 -43
-11 -44
-12 -45
-10 -46
-11 -47
-12 -48
-10 -49
-11 -50
-12 -51
-10 -52
-11 -53
-12 -54
-10 -55
-11 -56
-12 -57
-10 -58
-11 -59
-12 -60
-10 -61
-11 -62
-12 -63
-10 -64
-11 -65
-12 -66
-10 -67
-11 -68
-12 -69
-13 -16
-14 -17
-15 -18
-13 -19
-14 -20
-15 -21
-13 -22
-14 -23
-15 -24
-13 -25
-14 -26
-15 -27
-13 -28
-14 -29
-15 -30
-13 -31
-14 -32
-15 -33
-13 -34
-14 -35
-15 -36
-13 -37
-14 -38
-15 -39
-13 -40
-14 -41
-15 -42
-13 -43
-14 -44
-15 -45
-13 -46
-14 -47
-15 -48
-13 -49
-14 -50
-15 -51
-13 -52
-14 -53
-15 -54
-13 -55
-14 -56
-15 -57
-13 -58
-14 -59
-15 -60
-13 -61
-14 -62
-15 -63
-13 -64
-14 -65
-15 -66
-13 -67
-14 -68
-15 -69
-16 -19
-17 -20
-18 -21
-16 -22
-17 -23
-18 -24
-16 -25
-17 -26
-18 -27
-16 -28
-17 -29
-18 -30
-16 -31
-17 -32
-18 -33
-16 -34
-17 -35
-18 -36
-16 -37
-17 -38
-18 -39
-16 -40
-17 -41
-18 -42
-16 -43
-17 -44
-18 -45
-16 -46
-17 -47
-18 -48
-16 -49
-17 -50
-18 -51
-16 -52
-17 -53
-18 -54
-16 -55
-17 -56
-18 -57
-16 -58
-17 -59
-18 -60
-16 -61
-17 -62
-18 -63
-16 -64
-17 -65
-18 -66
-16 -67
-17 -68
-18 -69
-19 -22
-20 -23
-21 -24
-19 -25
-20 -26
-21 -27
-19 -28
-20 -29
-21 -30
-19 -31
-20 -32
-21 -33
-19 -34
-20 -35
-21 -36
-19 -37
-20 -38
-21 -39
-19 -40
-20 -41
-21 -42
-19 -43
-20 -44
-21 -45
-19 -46
-20 -47
-21 -48
-19 -49
-20 -50
-21 -51
-19 -52
-20 -53
-21 -54
-19 -55
-20 -56
-21 -57
-19 -58
-20 -59
-21 -60
-19 -61
-20 -62
-21 -63
-19 -64
-20 -65
-21 -66
-19 -67
-20 -68
-21 -69
-22 -25
-23 -26
-24 -27
-22 -28
-23 -29
-24 -30
-22 -31
-23 -32
-24 -33
-22 -34
-23 -35
-24 -36
-22 -37
-23 -38
-24 -39
-22 -40
-23 -41
-24 -42
-22 -43
-23 -44
-24 -45
-22 -46
-23 -47
-24 -48
-22 -49
-23 -50
-24 -51
-22 -52
-23 -53
-24 -54
-22 -55
-23 -56
-24 -57
-22 -58
-23 -59
-24 -60
-22 -61
-23 -62
-24 -63
-22 -64
-23 -65
-24 -66
-22 -67
-23 -68
-24 -69
-25 -28
-26 -29
-27 -30
-25 -31
-26 -32
-27 -33
-25 -34
-26 -35
-27 -36
-25 -37
-26 -38
-27 -39
-25 -40
-26 -41
-27 -42
-25 -43
-26 -44
-27 -45
-25 -46
-26 -47
-27 -48
-25 -49
-26 -50
-27 -51
-25 -52
-26 -53
-27 -54
-25 -55
-26 -56
-27 -57
-25 -58
-26 -59
-27 -60
-25 -61
-26 -62
-27 -63
-25 -64
-26 -65
-27 -66
-25 -67
-26 -68
-27 -69
-28 -31
-29 -32
-30 -33
-28 -34
-29 -35
-30 -36
-28 -37
-29 -38
-30 -39
-28 -40
-29 -41
-30 -42
-28 -43
-29 -44
-30 -45
-28 -46
-29 -47
-30 -48
-28 -49
-29 -50
-30 -51
-28 -52
-29 -53
-30 -54
-28 -55
-29 -56
-30 -57
-28 -58
-29 -59
-30 -60
-28 -61
-29 -62
-30 -63
-28 -64
-29 -65
-30 -66
-28 -67
-29 -68
-30 -69
-31 -34
-32 -35
-33 -36
-31 -37
-32 -38
-33 -39
-31 -40
-32 -41
-33 -42
-31 -43
-32 -44
-33 -45
-31 -46
-32 -47
-33 -48
-31 -49
-32 -50
-33 -51
-31 -52
-32 -53
-33 -54
-31 -55
-32 -56
-33 -57
-31 -58
-32 -59
-33 -60
-31 -61
-32 -62
-33 -63
-31 -64
-32 -65
-33 -66
-31 -67
-32 -68
-33 -69
-34 -37
-35 -38
-36 -39
-34 -40
-35 -41
-36 -42
-34 -43
-35 -44
-36 -45
-34 -46
-35 -47
-36 -48
-34 -49
-35 -50
-36 -51
-34 -52
-35 -53
-36 -54
-34 -55
-35 -56
-36 -57
-34 -58
-35 -59
-36 -60
-34 -61
-35 -62
-36 -63
-34 -64
-35 -65
-36 -66
-34 -67
-35 -68
-36 -69
-37 -40
-38 -41
-39 -42
-37 -43
-38 -44
-39 -45
-37 -46
-38 -47
-39 -48
-37 -49
-38 -50
-39 -51
-37 -52
-38 -53
-39 -54
-37 -55
-38 -56
-39 -57
-37 -58
-38 -59
-39 -60
-37 -61
-38 -62
-39 -63
-37 -64
-38 -65
-39 -66
-37 -67
-38 -68
-39 -69
-40 -43
-41 -44
-42 -45
-40 -46
-41 -47
-42 -48
-40 -49
-41 -50
-42 -51
-40 -52
-41 -53
-42 -54
-40 -55
-41 -56
-42 -57
-40 -58
-41 -59
-42 -60
-40 -61
-41 -62
-42 -63
-40 -64
-41 -65
-42 -66
-40 -67
-41 -68
-42 -69
-43 -46
-44 -47
-45 -48
-43 -49
-44 -50
-45 -51
-43 -52
-44 -53
-45 -54
-43 -55
-44 -56
-45 -57
-43 -58
-44 -59
-45 -60
-43 -61
-44 -62
-45 -63
-43 -64
-44 -65
-45 -66
-43 -67
-44 -68
-45 -69
-46 -49
-47 -50
-48 -51
-46 -52
-47 -53
-48 -54
-46 -55
-47 -56
-48 -57
-46 -58
-47 -59
-48 -60
-46 -61
-47 -62
-48 -63
-46 -64
-47 -65
-48 -66
-46 -67
-47 -68
-48 -69
-49 -52
-50 -53
-51 -54
-49 -55
-50 -56
-51 -57
-49 -58
-50 -59
-51 -60
-49 -61
-50 -62
-51 -63
-49 -64
-50 -65
-51 -66
-49 -67
-50 -68
-51 -69
-52 -55
-53 -56
-54 -57
-52 -58
-53 -59
-54 -60
-52 -61
-53 -62
-54 -63
-52 -64
-53 -65
-54 -66
-52 -67
-53 -68
-54 -69
-55 -58
-56 -59
-57 -60
-55 -61
-56 -62
-57 -63
-55 -64
-56 -65
-57 -66
-55 -67
-56 -68
-57 -69
-58 -61
-59 -62
-60 -63
-58 -64
-59 -65
-60 -66
-58 -67
-59 -68
-60 -69
-61 -64
-62 -65
-63 -66
-61 -67
-62 -68
-63 -69
-64 -67
-65 -68
-66 -69